6 12 8 4
0.01
-0.16378663816634012 0.24117736441206469 0.42825705853892609 0.96111162462717392 -0.37543884676566319 0.21816876051536646
-1.6404465291703691 -0.33693676953303131 -0.25527440952755898 -0.5362241207418551 -0.43332566597872063 0.076848045918658542
0.10904210845126869 -0.0032299091206974134 -0.21048689951373015 -0.19045659690814623 0.22442964779101879 -1.4043651490357711
-0.20017087644318171 0.29060200325611346 0.37188776188504946 0.23124245851819775 -0.58560265760594921 1.2497977363217498
-0.94702706465487663 0.77695410516869456 0.67546437914955504 -1.3930747031618675 0.87563761960848263 -0.48101643220666662
-0.60567849556060338 -0.75678740448963955 -0.057938856794243626 -0.44024964020436974 -1.1781018797758367 -0.27924826138723602
-0.27384880285993457 0.16438959516599566 -0.1087531309891137 1.0139094791797845 0.39579937499612888 -0.31412888683806195
-0.57335177711799445 0.43940719315938842 0.40271787517365415 1.9084838171561773 0.10253636076401365 1.3661407063433701
-0.041483711333746967 0.117746195542359 -1.1805095300670998 0.93717620391725809 -0.79448483058899544 -0.38430280337430794
-0.27471217435041878 -0.043648890883706326 -1.1524702233476993 -0.55082856486288667 0.2876969767089918 0.35600078767455212
-0.001258554737549569 0.35103122169158357 -0.01906037147736897 0.04563865916639389 -0.50161647634628082 1.3923457966383868
-0.30681607246698489 -0.24226653493048125 0.53505516741729009 1.163787923442668 -1.0737725620062817 0.14890281622297583
0.070858691663411744 -0.4382501069418408 0.047526297006832939 0.71684727722420527 0.21832626781082987 -0.46641936654405003 0.27301260233489955 -0.41254778549188109 -0.049009049777846057 0.12580660039312649 1.3972868965861582 0.049828487890354219
-0.93057311816123922 0.48820042611013303 -0.66855156239935543 0.60960400506025347 -0.84677048481281114 0.043788750747250388 -0.88882774091620165 -0.50024360087510755 0.33131565525421058 0.46812829513949061 0.99650325459915112 -0.005759483337374461
0.087710982951726926 -0.42334160495918982 -0.5796758851710051 0.018901423891725371 0.025622973889595582 0.24631276499235197 0.20893563714673177 -0.010389659665128247 -0.6069099081741004 0.34988955297856772 -0.13482295675324074 -0.42489813075006921
-0.37318431747175418 -0.47283830394237047 -0.21003895304516734 0.6197301861964799 -0.38120054889342131 -0.32604700541502035 -0.5074457409363099 -0.33792387618976122 -0.58013468767754783 -0.31686232396969966 0.26264954119150696 -0.84957445866272074
0.82391400801142045 0.078248868728066107 -0.88014383566775289 -0.20394643875757884 0.45152854349137178 -0.06877526534122877 -0.8568878137363114 1.4803485424268779 -0.46834393703685689 0.27042273844790732 0.58583550227541059 -0.33494761142319529
-0.41907648371502537 0.14687247730650424 -0.071541370940572557 0.033957899803597313 -0.33115225978000046 -0.12342063329134624 0.4030225603646998 0.098985658155357911 -1.1131858361861819 0.50943985501903699 0.69230998427455925 0.33352733314954308
-0.21322893334269657 -0.59407614528861163 0.49211490342578718 -0.074366646467565051 0.84691244794955844 -0.23568637838262557 0.61092463267174901 0.26314207059444367 -0.79183867909320793 0.060831382937944538 0.94977085940231676 0.16794818911428605
-0.096230320371823594 1.0783504571468192 0.59624921846858825 -0.72183443995134744 -0.39304271345256675 1.1680432391089606 0.09599509651424222 -1.0024668845154721 0.65145663072314797 0.58132511142205978 -0.9740059510494361 0.22619146369851953
0.58298180970283153 0.54008707837521563 -0.61083509325066121 0.3121138742408503 0.03444499313804817 0.35193682189053282 -0.24133774059885815 -0.38904937493668923 -0.26405156321136947 0.61056125659274629 1.2187960329772145 -0.87659177628290952
-0.13385901025075944 -0.11607101558707905 -0.052108690575971867 -0.067057436526513053 -0.42002372821092598 0.75865273688520984 -0.56226257363314547 0.95998250004847363
0.8633253536379103 0.05679584679854336 0.43542613821282 -0.41659509465004596 0.20343355608732369 -0.71295459405030248 -1.6879294320109188 0.93532658695372539
-1.3629074843259386 -0.53810425452058619 -1.7062952965186067 0.73073758830678825 0.33236402212651767 0.39215011055868981 -0.28279725047230425 0.45010395039814993
0.50956323290842553 0.47033624059812745 0.41213375343239472 -1.7882090823387158 0.97923377276078249 1.247739079122983 -0.073806272186815458 -2.1052620814473872
-0.020423040252552163 0.20276780092341304 0.017950385531902809 0.45193335108523092 0.59590948195719273 -1.1655270439469578 1.5832329902708013 0.19592068595606252
-0.6837600551480576 -0.58761485822741255 1.9269027157097975 -0.65552780233434016
